-5.84906 -27.99906 0 1
-3.74969 -27.99969 0 0
-1.64957 -27.99957 0 0
0.45078 -27.99922 0 0
2.55004 -27.99996 0 0
4.65094 -27.99906 0 0
6.75074 -27.99926 0 0
-11.09944 -25.99944 0 0
-8.99992 -25.99992 0 0
-6.89970 -25.99970 0 0
-4.79938 -25.99938 0 0
-2.69986 -25.99986 0 0
-0.59907 -25.99907 0 0
1.50003 -25.99997 0 0
3.60040 -25.99960 0 0
5.70047 -25.99953 0 0
7.80056 -25.99944 0 0
9.90055 -25.99945 0 0
12.00047 -25.99953 0 0
-14.24936 -23.99936 0 0
-12.14928 -23.99928 0 0
-10.04959 -23.99959 0 0
-7.94976 -23.99976 0 0
-5.84944 -23.99944 0 0
-3.74985 -23.99985 0 0
-1.64971 -23.99971 0 0
0.45004 -23.99996 0 0
2.55031 -23.99969 0 0
4.65047 -23.99953 0 0
6.75040 -23.99960 0 0
8.85018 -23.99982 0 0
10.95038 -23.99962 0 0
13.05026 -23.99974 0 0
15.15057 -23.99943 0 0
-17.40000 -22.00000 0 0
-15.29930 -21.99930 0 0
-13.19990 -21.99990 0 0
-11.09955 -21.99955 0 0
-8.99981 -21.99981 0 0
-6.89982 -21.99982 0 0
-4.79928 -21.99928 0 0
-2.69921 -21.99921 0 0
-0.59952 -21.99952 0 0
1.50073 -21.99927 0 0
3.60010 -21.99990 0 0
5.70085 -21.99915 0 0
7.80081 -21.99919 0 0
9.90033 -21.99967 0 0
12.00075 -21.99925 0 0
14.10029 -21.99971 0 0
16.20087 -21.99913 0 0
18.30099 -21.99901 0 0
-20.54989 -19.99989 0 0
-18.44956 -19.99956 0 0
-16.34935 -19.99935 0 0
-14.24924 -19.99924 0 0
-12.14931 -19.99931 0 0
-10.04919 -19.99919 0 0
-7.94990 -19.99990 0 0
-5.84936 -19.99936 0 0
-3.74941 -19.99941 0 0
-1.64916 -19.99916 0 0
0.45098 -19.99902 0 0
2.55035 -19.99965 0 0
4.65037 -19.99963 0 0
6.75094 -19.99906 0 0
8.85077 -19.99923 0 0
10.95020 -19.99980 0 0
13.05087 -19.99913 0 0
15.15086 -19.99914 0 0
17.25051 -19.99949 0 0
19.35020 -19.99980 0 0
-21.59991 -17.99991 0 0
-19.49921 -17.99921 0 0
-17.39978 -17.99978 0 0
-15.29992 -17.99992 0 0
-13.19962 -17.99962 0 0
-11.09983 -17.99983 0 0
-8.99903 -17.99903 0 0
-6.89999 -17.99999 0 0
-4.79941 -17.99941 0 0
-2.69940 -17.99940 0 0
-0.59941 -17.99941 0 0
1.50057 -17.99943 0 0
3.60095 -17.99905 0 0
5.70025 -17.99975 0 0
7.80018 -17.99982 0 0
9.90024 -17.99976 0 0
12.00044 -17.99956 0 0
14.10095 -17.99905 0 0
16.20011 -17.99989 0 0
18.30049 -17.99951 0 0
20.40035 -17.99965 0 0
22.50020 -17.99980 0 0
-22.64946 -15.99946 0 0
-20.54935 -15.99935 0 0
-18.44921 -15.99921 0 0
-16.34916 -15.99916 0 0
-14.24959 -15.99959 0 0
-12.14907 -15.99907 0 0
-10.04957 -15.99957 0 0
-7.94988 -15.99988 0 0
-5.84965 -15.99965 0 0
-3.74968 -15.99968 0 0
-1.64953 -15.99953 0 0
0.45087 -15.99913 0 0
2.55060 -15.99940 0 0
4.65064 -15.99936 0 0
6.75071 -15.99929 0 0
8.85094 -15.99906 0 0
10.95019 -15.99981 0 0
13.05049 -15.99951 0 0
15.15063 -15.99937 0 0
17.25003 -15.99997 0 0
19.35027 -15.99973 0 0
21.45011 -15.99989 0 0
23.55014 -15.99986 0 0
-23.69999 -13.99999 0 0
-21.59964 -13.99964 0 0
-19.49946 -13.99946 0 0
-17.39924 -13.99924 0 0
-15.29986 -13.99986 0 0
-13.19920 -13.99920 0 0
-11.09974 -13.99974 0 0
-8.99963 -13.99963 0 0
-6.89921 -13.99921 0 0
-4.79978 -13.99978 0 0
-2.69989 -13.99989 0 0
-0.59947 -13.99947 0 0
1.50082 -13.99918 0 0
3.60050 -13.99950 0 0
5.70042 -13.99958 0 0
7.80080 -13.99920 0 0
9.90048 -13.99952 0 0
12.00063 -13.99937 0 0
14.10023 -13.99977 0 0
16.20079 -13.99921 0 0
18.30040 -13.99960 0 0
20.40058 -13.99942 0 0
22.50093 -13.99907 0 0
24.60030 -13.99970 0 0
-24.74965 -11.99965 0 0
-22.64984 -11.99984 0 0
-20.54924 -11.99924 0 0
-18.44913 -11.99913 0 0
-16.34963 -11.99963 0 0
-14.24903 -11.99903 0 0
-12.14942 -11.99942 0 0
-10.04971 -11.99971 0 0
-7.94970 -11.99970 0 0
-5.84936 -11.99936 0 0
-3.74931 -11.99931 0 0
-1.64919 -11.99919 0 0
0.45022 -11.99978 0 0
2.55030 -11.99970 0 0
4.65070 -11.99930 0 0
6.75049 -11.99951 0 0
8.85069 -11.99931 0 0
10.95004 -11.99996 0 0
13.05005 -11.99995 0 0
15.15027 -11.99973 0 0
17.25064 -11.99936 0 0
19.35084 -11.99916 0 0
21.45062 -11.99938 0 0
23.55080 -11.99920 0 0
25.65054 -11.99946 0 0
-25.79992 -9.99992 0 0
-23.69954 -9.99954 0 0
-21.59981 -9.99981 0 0
-19.49944 -9.99944 0 0
-17.39991 -9.99991 0 0
-15.29910 -9.99910 0 0
-13.19917 -9.99917 0 0
-11.09924 -9.99924 0 0
-8.99911 -9.99911 0 0
-6.89948 -9.99948 0 0
-4.79945 -9.99945 0 0
-2.69953 -9.99953 0 0
-0.59980 -9.99980 0 0
1.50033 -9.99967 0 0
3.60020 -9.99980 0 0
5.70085 -9.99915 0 0
7.80050 -9.99950 0 0
9.90074 -9.99926 0 0
12.00063 -9.99937 0 0
14.10001 -9.99999 0 0
16.20056 -9.99944 0 0
18.30082 -9.99918 0 0
20.40059 -9.99941 0 0
22.50029 -9.99971 0 0
24.60024 -9.99976 0 0
26.70054 -9.99946 0 0
-26.84918 -7.99918 0 0
-24.74926 -7.99926 0 0
-22.64978 -7.99978 0 0
-20.54938 -7.99938 0 0
-18.44983 -7.99983 0 0
-16.34938 -7.99938 0 0
-14.24991 -7.99991 0 0
-12.14950 -7.99950 0 0
-10.04925 -7.99925 0 0
-7.94945 -7.99945 0 0
-5.84901 -7.99901 0 0
-3.74956 -7.99956 0 0
-1.64912 -7.99912 0 0
0.45079 -7.99921 0 0
2.55078 -7.99922 0 0
4.65011 -7.99989 0 0
6.75026 -7.99974 0 0
8.85026 -7.99974 0 0
10.95024 -7.99976 0 0
13.05043 -7.99957 0 0
15.15064 -7.99936 0 0
17.25042 -7.99958 0 0
19.35000 -8.00000 0 0
21.45052 -7.99948 0 0
23.55061 -7.99939 0 0
25.65019 -7.99981 0 0
27.75091 -7.99909 0 0
-27.89990 -5.99990 0 0
-25.79938 -5.99938 0 0
-23.69996 -5.99996 0 0
-21.59998 -5.99998 0 0
-19.49999 -5.99999 0 0
-17.39909 -5.99909 0 0
-15.29915 -5.99915 0 0
-13.19971 -5.99971 0 0
-11.09938 -5.99938 0 0
-8.99905 -5.99905 0 0
-6.89975 -5.99975 0 0
-4.79921 -5.99921 0 0
-2.69973 -5.99973 0 0
-0.59944 -5.99944 0 0
1.50006 -5.99994 0 0
3.60029 -5.99971 0 0
5.70021 -5.99979 0 0
7.80059 -5.99941 0 0
9.90070 -5.99930 0 0
12.00009 -5.99991 0 0
14.10077 -5.99923 0 0
16.20029 -5.99971 0 0
18.30003 -5.99997 0 0
20.40063 -5.99937 0 0
22.50031 -5.99969 0 0
24.60032 -5.99968 0 0
26.70006 -5.99994 0 0
-26.84959 -3.99959 0 0
-24.74933 -3.99933 0 0
-22.64991 -3.99991 0 0
-20.54962 -3.99962 0 0
-18.44905 -3.99905 0 0
-16.34911 -3.99911 0 0
-14.24908 -3.99908 0 0
-12.14956 -3.99956 0 0
-10.04944 -3.99944 0 0
-7.94992 -3.99992 0 0
-5.84996 -3.99996 0 0
-3.74905 -3.99905 0 0
-1.64929 -3.99929 0 0
0.45022 -3.99978 0 0
2.55007 -3.99993 0 0
4.65007 -3.99993 0 0
6.75032 -3.99968 0 0
8.85069 -3.99931 0 0
10.95096 -3.99904 0 0
13.05096 -3.99904 0 0
15.15068 -3.99932 0 0
17.25068 -3.99932 0 0
19.35064 -3.99936 0 0
21.45006 -3.99994 0 0
23.55049 -3.99951 0 0
25.65003 -3.99997 0 0
27.75022 -3.99978 0 0
-27.89903 -1.99903 0 0
-25.79996 -1.99996 0 0
-23.69942 -1.99942 0 0
-21.59986 -1.99986 0 0
-19.49952 -1.99952 0 0
-17.39983 -1.99983 0 0
-15.29911 -1.99911 0 0
-13.19970 -1.99970 0 0
-11.09951 -1.99951 0 0
-8.99940 -1.99940 0 0
-6.89989 -1.99989 0 0
-4.79922 -1.99922 0 0
-2.69969 -1.99969 0 0
-0.59971 -1.99971 0 0
1.50067 -1.99933 0 0
3.60080 -1.99920 0 0
5.70040 -1.99960 0 0
7.80063 -1.99937 0 0
9.90086 -1.99914 0 0
12.00030 -1.99970 0 0
14.10084 -1.99916 0 0
16.20050 -1.99950 0 0
18.30064 -1.99936 0 0
20.40009 -1.99991 0 0
22.50036 -1.99964 0 0
24.60020 -1.99980 0 0
26.70043 -1.99957 0 0
28.80041 -1.99959 0 0
-28.94942 0.00058 0 0
-26.84999 0.00001 0 0
-24.74951 0.00049 0 0
-22.64925 0.00075 0 0
-20.54905 0.00095 0 0
-18.44975 0.00025 0 0
-16.34982 0.00018 0 0
-14.24929 0.00071 0 0
-12.14919 0.00081 0 0
-10.04988 0.00012 0 0
-7.94951 0.00049 0 0
-5.84950 0.00050 0 0
-3.74967 0.00033 0 0
-1.64946 0.00054 0 0
0.45014 0.00014 0 0
2.55027 0.00027 0 0
4.65029 0.00029 0 0
6.75037 0.00037 0 0
8.85027 0.00027 0 0
10.95029 0.00029 0 0
13.05035 0.00035 0 0
15.15029 0.00029 0 0
17.25057 0.00057 0 0
19.35026 0.00026 0 0
21.45075 0.00075 0 0
23.55055 0.00055 0 0
25.65006 0.00006 0 0
27.75068 0.00068 0 0
-27.89928 2.00072 0 0
-25.79973 2.00027 0 0
-23.69929 2.00071 0 0
-21.59960 2.00040 0 0
-19.49974 2.00026 0 0
-17.39984 2.00016 0 0
-15.29928 2.00072 0 0
-13.19920 2.00080 0 0
-11.09941 2.00059 0 0
-8.99954 2.00046 0 0
-6.89924 2.00076 0 0
-4.79993 2.00007 0 0
-2.69949 2.00051 0 0
-0.59906 2.00094 0 0
1.50014 2.00014 0 0
3.60039 2.00039 0 0
5.70044 2.00044 0 0
7.80074 2.00074 0 0
9.90005 2.00005 0 0
12.00026 2.00026 0 0
14.10061 2.00061 0 0
16.20049 2.00049 0 0
18.30059 2.00059 0 0
20.40083 2.00083 0 0
22.50043 2.00043 0 0
24.60001 2.00001 0 0
26.70098 2.00098 0 0
28.80089 2.00089 0 0
-26.84993 4.00007 0 0
-24.74976 4.00024 0 0
-22.64966 4.00034 0 0
-20.54995 4.00005 0 0
-18.44955 4.00045 0 0
-16.34911 4.00089 0 0
-14.24976 4.00024 0 0
-12.14906 4.00094 0 0
-10.04921 4.00079 0 0
-7.94969 4.00031 0 0
-5.84948 4.00052 0 0
-3.74918 4.00082 0 0
-1.64950 4.00050 0 0
0.45087 4.00087 0 0
2.55023 4.00023 0 0
4.65068 4.00068 0 0
6.75053 4.00053 0 0
8.85082 4.00082 0 0
10.95089 4.00089 0 0
13.05073 4.00073 0 0
15.15021 4.00021 0 0
17.25035 4.00035 0 0
19.35096 4.00096 0 0
21.45078 4.00078 0 0
23.55006 4.00006 0 0
25.65086 4.00086 0 0
27.75036 4.00036 0 0
-27.89908 6.00092 0 0
-25.79938 6.00062 0 0
-23.69971 6.00029 0 0
-21.59946 6.00054 0 0
-19.49998 6.00002 0 0
-17.39916 6.00084 0 0
-15.29979 6.00021 0 0
-13.19998 6.00002 0 0
-11.09958 6.00042 0 0
-8.99949 6.00051 0 0
-6.89984 6.00016 0 0
-4.79977 6.00023 0 0
-2.69987 6.00013 0 0
-0.59986 6.00014 0 0
1.50034 6.00034 0 0
3.60031 6.00031 0 0
5.70045 6.00045 0 0
7.80083 6.00083 0 0
9.90041 6.00041 0 0
12.00071 6.00071 0 0
14.10072 6.00072 0 0
16.20083 6.00083 0 0
18.30046 6.00046 0 0
20.40047 6.00047 0 0
22.50030 6.00030 0 0
24.60021 6.00021 0 0
26.70081 6.00081 0 0
-26.84921 8.00079 0 0
-24.74947 8.00053 0 0
-22.64972 8.00028 0 0
-20.54950 8.00050 0 0
-18.44959 8.00041 0 0
-16.34949 8.00051 0 0
-14.24954 8.00046 0 0
-12.14973 8.00027 0 0
-10.04997 8.00003 0 0
-7.94973 8.00027 0 0
-5.84993 8.00007 0 0
-3.74950 8.00050 0 0
-1.64936 8.00064 0 0
0.45039 8.00039 0 0
2.55046 8.00046 0 0
4.65094 8.00094 0 0
6.75076 8.00076 0 0
8.85098 8.00098 0 0
10.95048 8.00048 0 0
13.05052 8.00052 0 0
15.15091 8.00091 0 0
17.25028 8.00028 0 0
19.35007 8.00007 0 0
21.45084 8.00084 0 0
23.55054 8.00054 0 0
25.65052 8.00052 0 0
27.75001 8.00001 0 0
-25.79979 10.00021 0 0
-23.69923 10.00077 0 0
-21.59998 10.00002 0 0
-19.49920 10.00080 0 0
-17.39979 10.00021 0 0
-15.29989 10.00011 0 0
-13.19930 10.00070 0 0
-11.09976 10.00024 0 0
-8.99928 10.00072 0 0
-6.89999 10.00001 0 0
-4.79960 10.00040 0 0
-2.69959 10.00041 0 0
-0.59960 10.00040 0 0
1.50025 10.00025 0 0
3.60015 10.00015 0 0
5.70095 10.00095 0 0
7.80041 10.00041 0 0
9.90087 10.00087 0 0
12.00078 10.00078 0 0
14.10069 10.00069 0 0
16.20093 10.00093 0 0
18.30024 10.00024 0 0
20.40089 10.00089 0 0
22.50029 10.00029 0 0
24.60064 10.00064 0 0
26.70045 10.00045 0 0
-24.74999 12.00001 0 0
-22.64990 12.00010 0 0
-20.54999 12.00001 0 0
-18.44923 12.00077 0 0
-16.34964 12.00036 0 0
-14.24974 12.00026 0 0
-12.14942 12.00058 0 0
-10.04937 12.00063 0 0
-7.94967 12.00033 0 0
-5.84901 12.00099 0 0
-3.74913 12.00087 0 0
-1.64961 12.00039 0 0
0.45006 12.00006 0 0
2.55100 12.00100 0 0
4.65089 12.00089 0 0
6.75046 12.00046 0 0
8.85099 12.00099 0 0
10.95055 12.00055 0 0
13.05033 12.00033 0 0
15.15007 12.00007 0 0
17.25042 12.00042 0 0
19.35048 12.00048 0 0
21.45056 12.00056 0 0
23.55098 12.00098 0 0
25.65061 12.00061 0 0
-23.69916 14.00084 0 0
-21.59920 14.00080 0 0
-19.49973 14.00027 0 0
-17.39967 14.00033 0 0
-15.29928 14.00072 0 0
-13.19959 14.00041 0 0
-11.09940 14.00060 0 0
-8.99926 14.00074 0 0
-6.89957 14.00043 0 0
-4.79956 14.00044 0 0
-2.69935 14.00065 0 0
-0.59958 14.00042 0 0
1.50059 14.00059 0 0
3.60091 14.00091 0 0
5.70085 14.00085 0 0
7.80091 14.00091 0 0
9.90049 14.00049 0 0
12.00021 14.00021 0 0
14.10039 14.00039 0 0
16.20026 14.00026 0 0
18.30074 14.00074 0 0
20.40047 14.00047 0 0
22.50092 14.00092 0 0
24.60023 14.00023 0 0
-22.64954 16.00046 0 0
-20.54989 16.00011 0 0
-18.44935 16.00065 0 0
-16.34922 16.00078 0 0
-14.24974 16.00026 0 0
-12.14975 16.00025 0 0
-10.04961 16.00039 0 0
-7.94960 16.00040 0 0
-5.84945 16.00055 0 0
-3.74925 16.00075 0 0
-1.64932 16.00068 0 0
0.45074 16.00074 0 0
2.55026 16.00026 0 0
4.65009 16.00009 0 0
6.75003 16.00003 0 0
8.85058 16.00058 0 0
10.95076 16.00076 0 0
13.05006 16.00006 0 0
15.15058 16.00058 0 0
17.25008 16.00008 0 0
19.35023 16.00023 0 0
21.45031 16.00031 0 0
23.55048 16.00048 0 0
-21.59949 18.00051 0 0
-19.49987 18.00013 0 0
-17.39913 18.00087 0 0
-15.29918 18.00082 0 0
-13.19965 18.00035 0 0
-11.09903 18.00097 0 0
-8.99975 18.00025 0 0
-6.89952 18.00048 0 0
-4.79914 18.00086 0 0
-2.69958 18.00042 0 0
-0.59940 18.00060 0 0
1.50090 18.00090 0 0
3.60065 18.00065 0 0
5.70059 18.00059 0 0
7.80097 18.00097 0 0
9.90065 18.00065 0 0
12.00070 18.00070 0 0
14.10046 18.00046 0 0
16.20020 18.00020 0 0
18.30081 18.00081 0 0
20.40076 18.00076 0 0
22.50060 18.00060 0 0
-20.54959 20.00041 0 0
-18.44991 20.00009 0 0
-16.34950 20.00050 0 0
-14.24923 20.00077 0 0
-12.14969 20.00031 0 0
-10.04981 20.00019 0 0
-7.94963 20.00037 0 0
-5.84966 20.00034 0 0
-3.74910 20.00090 0 0
-1.64967 20.00033 0 0
0.45016 20.00016 0 0
2.55039 20.00039 0 0
4.65007 20.00007 0 0
6.75030 20.00030 0 0
8.85064 20.00064 0 0
10.95009 20.00009 0 0
13.05090 20.00090 0 0
15.15051 20.00051 0 0
17.25086 20.00086 0 0
19.35079 20.00079 0 0
-17.39987 22.00013 0 0
-15.29975 22.00025 0 0
-13.19965 22.00035 0 0
-11.09927 22.00073 0 0
-8.99971 22.00029 0 0
-6.89947 22.00053 0 0
-4.79914 22.00086 0 0
-2.69962 22.00038 0 0
-0.59920 22.00080 0 0
1.50010 22.00010 0 0
3.60062 22.00062 0 0
5.70076 22.00076 0 0
7.80064 22.00064 0 0
9.90079 22.00079 0 0
12.00042 22.00042 0 0
14.10017 22.00017 0 0
16.20039 22.00039 0 0
18.30071 22.00071 0 0
-14.24925 24.00075 0 0
-12.14905 24.00095 0 0
-10.04980 24.00020 0 0
-7.94925 24.00075 0 0
-5.84947 24.00053 0 0
-3.74970 24.00030 0 0
-1.64983 24.00017 0 0
0.45052 24.00052 0 0
2.55072 24.00072 0 0
4.65009 24.00009 0 0
6.75067 24.00067 0 0
8.85022 24.00022 0 0
10.95015 24.00015 0 0
13.05066 24.00066 0 0
15.15040 24.00040 0 0
-11.09937 26.00063 0 0
-8.99952 26.00048 0 0
-6.89947 26.00053 0 0
-4.79910 26.00090 0 0
-2.69957 26.00043 0 0
-0.59996 26.00004 0 0
1.50081 26.00081 0 0
3.60061 26.00061 0 0
5.70086 26.00086 0 0
7.80086 26.00086 0 0
9.90047 26.00047 0 0
12.00004 26.00004 0 0
-5.84997 28.00003 0 0
-3.74949 28.00051 0 0
-1.64905 28.00095 0 0
0.45084 28.00084 0 0
2.55059 28.00059 0 0
4.65008 28.00008 0 0
6.75016 28.00016 0 0
