-5.84909 -27.99909 0 1
-3.74983 -27.99983 0 0
-1.64957 -27.99957 0 0
0.45001 -27.99999 0 0
2.55092 -27.99908 0 0
4.65096 -27.99904 0 0
6.75020 -27.99980 0 0
-11.09928 -25.99928 0 0
-8.99976 -25.99976 0 0
-6.89932 -25.99932 0 0
-4.79942 -25.99942 0 0
-2.69977 -25.99977 0 0
-0.59969 -25.99969 0 0
1.50071 -25.99929 0 0
3.60083 -25.99917 0 0
5.70081 -25.99919 0 0
7.80022 -25.99978 0 0
9.90086 -25.99914 0 0
12.00099 -25.99901 0 0
-14.24960 -23.99960 0 0
-12.14954 -23.99954 0 0
-10.04957 -23.99957 0 0
-7.94905 -23.99905 0 0
-5.84975 -23.99975 0 0
-3.74957 -23.99957 0 0
-1.64933 -23.99933 0 0
0.45044 -23.99956 0 0
2.55055 -23.99945 0 0
4.65026 -23.99974 0 0
6.75020 -23.99980 0 0
8.85057 -23.99943 0 0
10.95018 -23.99982 0 0
13.05039 -23.99961 0 0
15.15019 -23.99981 0 0
-17.39902 -21.99902 0 0
-15.29984 -21.99984 0 0
-13.19988 -21.99988 0 0
-11.09993 -21.99993 0 0
-8.99985 -21.99985 0 0
-6.89953 -21.99953 0 0
-4.79917 -21.99917 0 0
-2.69926 -21.99926 0 0
-0.59986 -21.99986 0 0
1.50098 -21.99902 0 0
3.60074 -21.99926 0 0
5.70020 -21.99980 0 0
7.80006 -21.99994 0 0
9.90091 -21.99909 0 0
12.00035 -21.99965 0 0
14.10095 -21.99905 0 0
16.20011 -21.99989 0 0
18.30012 -21.99988 0 0
-20.54965 -19.99965 0 0
-18.44954 -19.99954 0 0
-16.34986 -19.99986 0 0
-14.24987 -19.99987 0 0
-12.14940 -19.99940 0 0
-10.04967 -19.99967 0 0
-7.94970 -19.99970 0 0
6.75007 -19.99993 0 0
8.85093 -19.99907 0 0
10.95018 -19.99982 0 0
13.05070 -19.99930 0 0
15.15011 -19.99989 0 0
17.25001 -19.99999 0 0
19.35019 -19.99981 0 0
-21.59971 -17.99971 0 0
-19.49953 -17.99953 0 0
-17.39973 -17.99973 0 0
-15.29991 -17.99991 0 0
-13.19989 -17.99989 0 0
-11.09965 -17.99965 0 0
12.00072 -17.99928 0 0
14.10015 -17.99985 0 0
16.20081 -17.99919 0 0
18.30099 -17.99901 0 0
20.40099 -17.99901 0 0
22.50068 -17.99932 0 0
-22.64909 -15.99909 0 0
-20.54996 -15.99996 0 0
-18.44973 -15.99973 0 0
-16.34951 -15.99951 0 0
-14.24940 -15.99940 0 0
15.15068 -15.99932 0 0
17.25089 -15.99911 0 0
19.35052 -15.99948 0 0
21.45009 -15.99991 0 0
23.55073 -15.99927 0 0
-23.69977 -13.99977 0 0
-21.59987 -13.99987 0 0
-19.49994 -13.99994 0 0
-17.39958 -13.99958 0 0
16.20014 -13.99986 0 0
18.30024 -13.99976 0 0
20.40098 -13.99902 0 0
22.50036 -13.99964 0 0
24.60070 -13.99930 0 0
-24.74912 -11.99912 0 0
-22.64999 -11.99999 0 0
-20.54942 -11.99942 0 0
-18.44977 -11.99977 0 0
19.35025 -11.99975 0 0
21.45082 -11.99918 0 0
23.55076 -11.99924 0 0
25.65049 -11.99951 0 0
-25.79963 -9.99963 0 0
-23.69977 -9.99977 0 0
-21.59912 -9.99912 0 0
-19.49920 -9.99920 0 0
20.40035 -9.99965 0 0
22.50005 -9.99995 0 0
24.60085 -9.99915 0 0
26.70039 -9.99961 0 0
-26.84919 -7.99919 0 0
-24.74971 -7.99971 0 0
-22.64993 -7.99993 0 0
-20.54939 -7.99939 0 0
21.45083 -7.99917 0 0
23.55092 -7.99908 0 0
25.65011 -7.99989 0 0
27.75079 -7.99921 0 0
-27.89967 -5.99967 0 0
-25.79995 -5.99995 0 0
-23.69901 -5.99901 0 0
-21.59968 -5.99968 0 0
20.40080 -5.99920 0 0
22.50072 -5.99928 0 0
24.60026 -5.99974 0 0
26.70053 -5.99947 0 0
-26.84924 -3.99924 0 0
-24.74924 -3.99924 0 0
-22.64997 -3.99997 0 0
21.45089 -3.99911 0 0
23.55064 -3.99936 0 0
25.65007 -3.99993 0 0
27.75007 -3.99993 0 0
-27.89907 -1.99907 0 0
-25.79908 -1.99908 0 0
-23.69939 -1.99939 0 0
-21.59986 -1.99986 0 0
22.50074 -1.99926 0 0
24.60006 -1.99994 0 0
26.70078 -1.99922 0 0
28.80064 -1.99936 0 0
-28.94986 0.00014 0 0
-26.84909 0.00091 0 0
-24.74974 0.00026 0 0
-22.64916 0.00084 0 0
21.45095 0.00095 0 0
23.55096 0.00096 0 0
25.65043 0.00043 0 0
27.75087 0.00087 0 0
-27.89967 2.00033 0 0
-25.79908 2.00092 0 0
-23.69941 2.00059 0 0
-21.59901 2.00099 0 0
22.50016 2.00016 0 0
24.60015 2.00015 0 0
26.70055 2.00055 0 0
28.80067 2.00067 0 0
-26.84947 4.00053 0 0
-24.74954 4.00046 0 0
-22.64916 4.00084 0 0
21.45010 4.00010 0 0
23.55001 4.00001 0 0
25.65072 4.00072 0 0
27.75004 4.00004 0 0
-27.89975 6.00025 0 0
-25.79907 6.00093 0 0
-23.69976 6.00024 0 0
-21.59939 6.00061 0 0
20.40053 6.00053 0 0
22.50016 6.00016 0 0
24.60042 6.00042 0 0
26.70038 6.00038 0 0
-26.84940 8.00060 0 0
-24.74904 8.00096 0 0
-22.64906 8.00094 0 0
-20.54924 8.00076 0 0
21.45099 8.00099 0 0
23.55029 8.00029 0 0
25.65050 8.00050 0 0
27.75055 8.00055 0 0
-25.79918 10.00082 0 0
-23.69936 10.00064 0 0
-21.59944 10.00056 0 0
-19.49905 10.00095 0 0
20.40091 10.00091 0 0
22.50074 10.00074 0 0
24.60083 10.00083 0 0
26.70081 10.00081 0 0
-24.74983 12.00017 0 0
-22.64911 12.00089 0 0
-20.54973 12.00027 0 0
-18.44975 12.00025 0 0
19.35081 12.00081 0 0
21.45043 12.00043 0 0
23.55020 12.00020 0 0
25.65084 12.00084 0 0
-23.69928 14.00072 0 0
-21.59929 14.00071 0 0
-19.49921 14.00079 0 0
-17.39960 14.00040 0 0
16.20073 14.00073 0 0
18.30043 14.00043 0 0
20.40021 14.00021 0 0
22.50075 14.00075 0 0
24.60013 14.00013 0 0
-22.64941 16.00059 0 0
-20.54920 16.00080 0 0
-18.44960 16.00040 0 0
-16.34984 16.00016 0 0
-14.24972 16.00028 0 0
15.15004 16.00004 0 0
17.25002 16.00002 0 0
19.35001 16.00001 0 0
21.45051 16.00051 0 0
23.55087 16.00087 0 0
-21.59947 18.00053 0 0
-19.49972 18.00028 0 0
-17.39914 18.00086 0 0
-15.29996 18.00004 0 0
-13.19960 18.00040 0 0
-11.09932 18.00068 0 0
12.00028 18.00028 0 0
14.10096 18.00096 0 0
16.20001 18.00001 0 0
18.30028 18.00028 0 0
20.40047 18.00047 0 0
22.50011 18.00011 0 0
-20.54969 20.00031 0 0
-18.44957 20.00043 0 0
-16.34973 20.00027 0 0
-14.24957 20.00043 0 0
-12.14900 20.00100 0 0
-10.04987 20.00013 0 0
-7.94956 20.00044 0 0
6.75005 20.00005 0 0
8.85025 20.00025 0 0
10.95058 20.00058 0 0
13.05057 20.00057 0 0
15.15010 20.00010 0 0
17.25049 20.00049 0 0
19.35008 20.00008 0 0
-17.39967 22.00033 0 0
-15.29964 22.00036 0 0
-13.19970 22.00030 0 0
-11.09911 22.00089 0 0
-8.99970 22.00030 0 0
-6.89915 22.00085 0 0
-4.79964 22.00036 0 0
-2.69931 22.00069 0 0
-0.59935 22.00065 0 0
1.50048 22.00048 0 0
3.60070 22.00070 0 0
5.70019 22.00019 0 0
7.80054 22.00054 0 0
9.90079 22.00079 0 0
12.00066 22.00066 0 0
14.10029 22.00029 0 0
16.20060 22.00060 0 0
18.30012 22.00012 0 0
-14.24992 24.00008 0 0
-12.14978 24.00022 0 0
-10.04993 24.00007 0 0
-7.94998 24.00002 0 0
-5.84913 24.00087 0 0
-3.74992 24.00008 0 0
-1.64971 24.00029 0 2
0.45021 24.00021 0 0
2.55084 24.00084 0 0
4.65010 24.00010 0 0
6.75000 24.00000 0 0
8.85034 24.00034 0 0
10.95073 24.00073 0 0
13.05028 24.00028 0 0
15.15045 24.00045 0 0
-11.09908 26.00092 0 0
-8.99924 26.00076 0 0
-6.89919 26.00081 0 0
-4.79919 26.00081 0 0
-2.69934 26.00066 0 0
-0.59920 26.00080 0 0
1.50004 26.00004 0 0
3.60044 26.00044 0 0
5.70036 26.00036 0 0
7.80083 26.00083 0 0
9.90079 26.00079 0 0
12.00052 26.00052 0 0
-5.84916 28.00084 0 0
-3.74997 28.00003 0 0
-1.64993 28.00007 0 0
0.45035 28.00035 0 0
2.55011 28.00011 0 0
4.65087 28.00087 0 0
6.75039 28.00039 0 0
